0 -0.932993
1 0.382417
2 0.368362
3 0.359262
4 0.354386
5 0.358501
6 0.366948
7 0.380518
8 0.395625
9 0.410874
10 0.429603
11 0.448788
12 0.471098
13 0.499534
14 0.525168
15 0.558205
16 0.587624
17 0.617426
18 0.643727
19 0.667335
20 0.689557
21 0.714193
22 0.739266
23 0.766936
24 0.788717
25 0.806201
26 0.813136
27 0.813122
28 0.809232
29 0.799203
30 0.791135
31 0.776131
32 0.770345
33 0.762221
34 0.770519
35 0.783481
36 0.810653
37 0.840863
38 0.875329
39 0.907612
40 0.933433
41 0.945341
42 0.942386
43 0.910909
44 0.865192
45 0.798045
46 0.736853
47 0.679532
48 0.636447
49 0.607033
50 0.57243
51 0.538732
52 0.480717
53 0.410773
54 0.322045
55 0.231952
56 0.153533
57 0.098005
58 0.0590822
59 0.0341849
60 0.000419146
61 -0.0423649
62 -0.103245
63 -0.16965
64 -0.224859
65 -0.257614
66 -0.251116
67 -0.233895
68 -0.215372
69 -0.228614
70 -0.256287
71 -0.288823
72 -0.293737
73 -0.265048
74 -0.211874
75 -0.153425
76 -0.11716
77 -0.0930921
78 -0.0746607
79 -0.0299857
80 0.0390284
81 0.124362
82 0.197337
83 0.254166
84 0.29142
85 0.338222
86 0.412171
87 0.491508
88 0.573332
89 0.615406
90 0.654499
91 0.687768
92 0.746671
93 0.811097
94 0.859269
95 0.892313
96 0.895435
97 0.920902
98 0.948418
99 0.983843
100 0.989182
101 0.955441
102 0.937476
103 0.92407
104 0.935501
105 0.909154
106 0.862379
107 0.815832
108 0.777926
109 0.760361
110 0.709239
111 0.648132
112 0.563596
113 0.505193
114 0.469936
115 0.42618
116 0.356705
117 0.258834
118 0.205525
119 0.168938
120 0.130588
121 0.0665106
122 -0.0156912
123 -0.0489989
124 -0.0703341
125 -0.0954849
126 -0.146759
127 -0.196345
128 -0.200124
129 -0.200995
130 -0.205638
131 -0.235941
132 -0.235792
133 -0.195333
134 -0.169442
135 -0.15662
136 -0.155707
137 -0.105276
138 -0.0399438
139 -0.00734052
140 0.0208372
141 0.0612643
142 0.151185
143 0.22155
144 0.246979
145 0.297268
146 0.374949
147 0.465758
148 0.50911
149 0.537867
150 0.607794
151 0.677867
152 0.735556
153 0.749769
154 0.788779
155 0.862774
156 0.884614
157 0.894564
158 0.909013
159 0.95276
160 0.980552
161 0.940065
162 0.939047
163 0.964912
164 0.94959
165 0.906237
166 0.87088
167 0.871803
168 0.838777
169 0.760626
170 0.720869
171 0.697382
172 0.641712
173 0.565786
174 0.505282
175 0.476495
176 0.407351
177 0.313119
178 0.273187
179 0.227805
180 0.150002
181 0.0707988
182 0.0301214
183 0.0106688
184 -0.0727661
185 -0.125814
186 -0.122857
187 -0.165684
188 -0.210584
189 -0.231545
190 -0.225984
191 -0.235382
192 -0.283694
193 -0.256272
194 -0.215911
195 -0.244232
196 -0.220072
197 -0.164826
198 -0.14776
199 -0.120839
200 -0.0776423
201 -0.0149483
202 0.0288893
203 0.0461503
204 0.127803
205 0.193949
206 0.210828
207 0.302737
208 0.381884
209 0.407657
210 0.479632
211 0.544853
212 0.589152
213 0.645631
214 0.693936
215 0.751357
216 0.788816
217 0.812314
218 0.869163
219 0.887291
220 0.883588
221 0.932435
222 0.935692
223 0.902947
224 0.935384
225 0.928624
226 0.870517
227 0.875004
228 0.86064
229 0.796746
230 0.774921
231 0.741444
232 0.67265
233 0.633808
234 0.588333
235 0.518455
236 0.464704
237 0.408742
238 0.343246
239 0.282228
240 0.21818
241 0.161803
242 0.106674
243 0.04458
244 -0.000509963
245 -0.045884
246 -0.0968452
247 -0.123548
248 -0.158523
249 -0.200099
250 -0.205746
251 -0.221056
252 -0.247807
253 -0.236835
254 -0.00704753
255 0
