10 0
9.99995 0.0158114
9.9998 0.0316226
9.99955 0.0474335
9.9992 0.0632439
9.99875 0.0790536
9.9982 0.0948626
9.99755 0.110671
9.9968 0.126478
9.99595 0.142283
9.995 0.158088
9.99395 0.17389
9.9928 0.189691
9.99155 0.20549
9.9902 0.221287
9.98875 0.237082
9.9872 0.252874
9.98555 0.268664
9.98379 0.284451
9.98194 0.300235
9.97999 0.316017
9.97794 0.331795
9.97579 0.34757
9.97354 0.363341
9.97118 0.379108
9.96873 0.394872
9.96618 0.410632
9.96352 0.426388
9.96077 0.442139
9.95791 0.457886
9.95496 0.473628
9.9519 0.489366
9.94875 0.505098
9.94549 0.520826
9.94213 0.536548
9.93867 0.552265
9.93511 0.567976
9.93145 0.583681
9.92769 0.599381
9.92383 0.615074
9.91987 0.630761
9.9158 0.646442
9.91164 0.662116
9.90737 0.677783
9.903 0.693444
9.89854 0.709097
9.89397 0.724743
9.88929 0.740382
9.88452 0.756013
9.87965 0.771636
9.87467 0.787251
9.8696 0.802859
9.86442 0.818458
9.85914 0.834048
9.85375 0.84963
9.84827 0.865203
9.84268 0.880768
9.837 0.896323
9.83121 0.911869
9.82531 0.927405
9.81932 0.942932
9.81322 0.958448
9.80702 0.973955
9.80072 0.989452
9.79432 1.00494
9.78781 1.02041
9.7812 1.03588
9.77449 1.05133
9.76767 1.06678
9.76076 1.08221
9.75374 1.09763
9.74661 1.11304
9.73938 1.12843
9.73205 1.14382
9.72462 1.15919
9.71708 1.17455
9.70944 1.1899
9.70169 1.20524
9.69385 1.22056
9.68589 1.23587
9.67784 1.25116
9.66967 1.26645
9.66141 1.28172
9.65304 1.29697
9.64457 1.31221
9.63599 1.32744
9.6273 1.34265
9.61852 1.35785
9.60962 1.37303
9.60062 1.3882
9.59152 1.40335
9.58231 1.41849
9.573 1.43361
9.56358 1.44872
9.55405 1.46381
9.54442 1.47888
9.53468 1.49394
9.52484 1.50898
9.51489 1.524
9.50484 1.53901
9.49467 1.554
9.4844 1.56897
9.47403 1.58393
9.46355 1.59886
9.45296 1.61378
9.44226 1.62868
9.43146 1.64356
9.42054 1.65843
9.40952 1.67327
9.3984 1.6881
9.38716 1.7029
9.37582 1.71769
9.36437 1.73245
9.35281 1.7472
9.34114 1.76193
9.32936 1.77663
9.31748 1.79131
9.30548 1.80598
9.29338 1.82062
9.28116 1.83524
9.26884 1.84984
9.25641 1.86442
9.24386 1.87897
9.23121 1.89351
9.21845 1.90802
9.20557 1.9225
9.19259 1.93697
9.17949 1.95141
9.16629 1.96583
9.15297 1.98022
9.13954 1.99459
9.126 2.00893
9.11235 2.02325
9.09858 2.03755
9.0847 2.05182
9.07071 2.06606
9.05661 2.08028
9.0424 2.09448
9.02807 2.10864
9.01363 2.12278
8.99907 2.1369
8.9844 2.15098
8.96962 2.16504
8.95472 2.17907
8.93971 2.19308
8.92459 2.20705
8.90935 2.221
8.89399 2.23492
8.87852 2.24881
8.86293 2.26267
8.84723 2.2765
8.83141 2.2903
8.81548 2.30408
8.79943 2.31782
8.78326 2.33153
8.76697 2.3452
8.75057 2.35885
8.73405 2.37247
8.71741 2.38605
8.70066 2.3996
8.68378 2.41312
8.66679 2.42661
8.64968 2.44006
8.63245 2.45348
8.6151 2.46686
8.59763 2.48021
8.58004 2.49353
8.56233 2.50681
8.54449 2.52006
8.52654 2.53327
8.50847 2.54644
8.49027 2.55958
8.47196 2.57268
8.45352 2.58574
8.43496 2.59877
8.41628 2.61176
8.39747 2.62471
8.37854 2.63762
8.35949 2.6505
8.34031 2.66333
8.32101 2.67612
8.30158 2.68888
8.28203 2.70159
8.26236 2.71426
8.24255 2.7269
8.22263 2.73949
8.20257 2.75203
8.18239 2.76454
8.16208 2.777
8.14165 2.78942
8.12109 2.8018
8.1004 2.81413
8.07958 2.82641
8.05863 2.83865
8.03755 2.85085
8.01634 2.863
7.99501 2.8751
7.97354 2.88716
7.95194 2.89917
7.93021 2.91113
7.90835 2.92304
7.88636 2.93491
7.86423 2.94672
7.84198 2.95849
7.81958 2.9702
7.79706 2.98187
7.7744 2.99348
7.75161 3.00504
7.72868 3.01655
7.70562 3.02801
7.68242 3.03941
7.65908 3.05076
7.63561 3.06205
7.612 3.07329
7.58825 3.08448
7.56437 3.09561
7.54035 3.10668
7.51618 3.11769
7.49188 3.12865
7.46744 3.13954
7.44286 3.15038
7.41813 3.16116
7.39327 3.17188
7.36826 3.18254
7.34311 3.19313
7.31782 3.20367
7.29238 3.21414
7.2668 3.22455
7.24108 3.23489
7.21521 3.24517
7.18919 3.25538
7.16303 3.26553
7.13672 3.27561
7.11027 3.28562
7.08366 3.29556
7.05691 3.30544
7.03001 3.31524
7.00296 3.32498
6.97576 3.33464
6.9484 3.34423
6.9209 3.35375
6.89324 3.36319
6.86543 3.37256
6.83747 3.38186
6.80935 3.39107
6.78108 3.40021
6.75266 3.40928
6.72407 3.41826
6.69534 3.42717
6.66644 3.43599
6.63738 3.44473
6.60817 3.45339
6.5788 3.46197
6.54927 3.47046
6.51957 3.47887
6.48972 3.48719
6.4597 3.49543
6.42952 3.50357
6.39917 3.51163
6.36866 3.51959
6.33799 3.52747
6.30715 3.53525
6.27614 3.54294
6.24497 3.55053
6.21362 3.55803
6.18211 3.56543
6.15043 3.57274
6.11858 3.57994
6.08655 3.58705
6.05435 3.59405
6.02198 3.60095
5.98944 3.60774
5.95671 3.61443
5.92382 3.62101
5.89074 3.62749
5.85749 3.63385
5.82406 3.64011
5.79045 3.64625
5.75666 3.65227
5.72269 3.65819
5.68853 3.66398
5.65419 3.66966
5.61967 3.67522
5.58496 3.68065
5.55006 3.68596
5.51498 3.69115
5.47971 3.69622
5.44424 3.70115
5.40859 3.70595
5.37275 3.71063
5.33671 3.71517
5.30048 3.71957
5.26405 3.72384
5.22742 3.72797
5.1906 3.73195
5.15358 3.7358
5.11636 3.7395
5.07894 3.74305
5.04132 3.74646
5.00349 3.74971
4.96546 3.75281
4.92723 3.75575
4.88878 3.75854
4.85013 3.76116
4.81127 3.76363
4.77219 3.76592
4.73291 3.76805
4.69341 3.77001
4.65369 3.7718
4.61376 3.77341
4.57361 3.77484
4.53324 3.7761
4.49265 3.77717
4.45184 3.77805
4.41081 3.77874
4.36955 3.77924
4.32806 3.77954
4.28635 3.77964
4.2444 3.77955
4.20223 3.77924
4.15982 3.77873
4.11717 3.778
4.0743 3.77706
4.03118 3.77589
3.98782 3.77451
3.94423 3.77289
3.90039 3.77104
3.8563 3.76896
3.81197 3.76663
3.7674 3.76406
3.72257 3.76125
3.67749 3.75817
3.63216 3.75484
3.58658 3.75125
3.54073 3.74739
3.49463 3.74325
3.44827 3.73884
3.40165 3.73414
3.35476 3.72915
3.30761 3.72386
3.26019 3.71828
3.2125 3.71239
3.16454 3.70618
3.11631 3.69965
3.0678 3.6928
3.01901 3.68561
2.96994 3.67808
2.92059 3.67021
2.87096 3.66197
2.82105 3.65338
2.77085 3.64441
2.72035 3.63506
2.66957 3.62533
2.6185 3.6152
2.56713 3.60466
2.51546 3.5937
2.4635 3.58232
2.41124 3.5705
2.35867 3.55824
2.30581 3.54552
2.25264 3.53233
2.19916 3.51866
2.14537 3.5045
2.09128 3.48983
2.03687 3.47464
1.98215 3.45893
1.92712 3.44266
1.87178 3.42584
1.81612 3.40844
1.76014 3.39044
1.70385 3.37184
1.64725 3.35262
1.59032 3.33275
1.53309 3.31222
1.47553 3.29101
1.41767 3.26909
1.35949 3.24646
1.30099 3.22308
1.24219 3.19893
1.18308 3.17399
1.12367 3.14823
1.06395 3.12163
1.00394 3.09416
0.943637 3.06579
0.883048 3.03649
0.82218 3.00623
0.76104 2.97498
0.699638 2.9427
0.637983 2.90936
0.576087 2.87491
0.513962 2.83933
0.451624 2.80256
0.389088 2.76457
0.326374 2.72531
0.263502 2.68473
0.200496 2.64278
0.137382 2.59941
0.0741915 2.55457
0.0109565 2.50819
-0.0522851 2.46023
-0.115491 2.41062
-0.178615 2.35929
-0.241603 2.30618
-0.304397 2.25122
-0.36693 2.19434
-0.42913 2.13546
-0.490913 2.07452
-0.552189 2.01144
-0.612856 1.94614
-0.6728 1.87855
-0.731896 1.8086
-0.790005 1.73621
-0.846975 1.66132
-0.902638 1.58387
-0.956809 1.50381
-1.00929 1.42109
-1.05986 1.33569
-1.1083 1.2476
-1.15434 1.15682
-1.19775 1.0634
-1.23823 0.96739
-1.27553 0.868891
-1.30935 0.768031
-1.33944 0.664979
-1.36552 0.559941
-1.38735 0.453165
-1.40473 0.344934
-1.41746 0.235566
-1.42543 0.125405
-1.42853 0.0148173
-1.42673 -0.0958212
-1.42007 -0.206133
-1.4086 -0.315748
-1.39245 -0.424316
-1.37179 -0.531511
-1.34682 -0.63704
-1.31779 -0.740645
-1.28494 -0.84211
-1.24854 -0.941256
-1.20888 -1.03794
-1.16624 -1.13207
-1.12087 -1.22355
-1.07305 -1.31237
-1.02303 -1.39849
-0.971035 -1.48192
-0.917296 -1.56269
-0.862015 -1.64084
-0.805378 -1.71641
-0.747558 -1.78946
-0.688712 -1.86006
-0.628982 -1.92827
-0.568497 -1.99418
-0.507374 -2.05784
-0.445717 -2.11935
-0.38362 -2.17877
-0.321169 -2.23618
-0.258438 -2.29165
-0.195496 -2.34524
-0.132403 -2.39704
-0.0692145 -2.44711
-0.00597806 -2.49551
0.0572626 -2.5423
0.120469 -2.58755
0.183606 -2.63131
0.246643 -2.67363
0.309554 -2.71457
0.372312 -2.75418
0.434898 -2.79251
0.497291 -2.8296
0.559474 -2.8655
0.621433 -2.90025
0.683154 -2.93388
0.744625 -2.96644
0.805835 -2.99796
0.866777 -3.02849
0.927441 -3.05804
0.987822 -3.08665
1.04791 -3.11436
1.10771 -3.14119
1.1672 -3.16717
1.22639 -3.19233
1.28528 -3.21669
1.34385 -3.24027
1.40212 -3.2631
1.46007 -3.28521
1.51771 -3.30661
1.57503 -3.32732
1.63204 -3.34736
1.68873 -3.36676
1.7451 -3.38553
1.80116 -3.40368
1.8569 -3.42124
1.91233 -3.43821
1.96745 -3.45463
2.02225 -3.47049
2.07674 -3.48581
2.13092 -3.50062
2.18479 -3.51492
2.23835 -3.52872
2.2916 -3.54203
2.34455 -3.55488
2.39719 -3.56726
2.44954 -3.5792
2.50158 -3.5907
2.55332 -3.60176
2.60477 -3.61241
2.65593 -3.62265
2.70679 -3.6325
2.75735 -3.64195
2.80763 -3.65101
2.85763 -3.65971
2.90733 -3.66804
2.95676 -3.67601
3.0059 -3.68363
3.05476 -3.69091
3.10334 -3.69785
3.15165 -3.70446
3.19969 -3.71076
3.24745 -3.71673
3.29494 -3.7224
3.34216 -3.72776
3.38912 -3.73283
3.43581 -3.73761
3.48225 -3.7421
3.52842 -3.74631
3.57433 -3.75024
3.61998 -3.75391
3.66538 -3.75731
3.71052 -3.76045
3.75542 -3.76333
3.80006 -3.76597
3.84446 -3.76836
3.88861 -3.77051
3.93251 -3.77242
3.97617 -3.7741
4.01959 -3.77554
4.06277 -3.77677
4.10572 -3.77777
4.14842 -3.77855
4.19089 -3.77913
4.23313 -3.77949
4.27514 -3.77964
4.31691 -3.77959
4.35846 -3.77934
4.39978 -3.77889
4.44088 -3.77825
4.48175 -3.77742
4.5224 -3.7764
4.56282 -3.7752
4.60303 -3.77381
4.64302 -3.77225
4.68279 -3.77051
4.72235 -3.7686
4.76169 -3.76651
4.80082 -3.76426
4.83974 -3.76184
4.87845 -3.75926
4.91695 -3.75651
4.95524 -3.75361
4.99333 -3.75055
5.03121 -3.74734
5.06889 -3.74398
5.10636 -3.74047
5.14364 -3.7368
5.18071 -3.733
5.21758 -3.72905
5.25426 -3.72496
5.29074 -3.72073
5.32702 -3.71636
5.36311 -3.71186
5.39901 -3.70722
5.43472 -3.70245
5.47023 -3.69755
5.50555 -3.69252
5.54069 -3.68737
5.57563 -3.68209
5.61039 -3.67668
5.64496 -3.67116
5.67935 -3.66551
5.71356 -3.65975
5.74758 -3.65387
5.78142 -3.64787
5.81508 -3.64176
5.84856 -3.63554
5.88186 -3.6292
5.91498 -3.62276
5.94792 -3.6162
5.98069 -3.60954
6.01328 -3.60278
6.0457 -3.59591
6.07795 -3.58893
6.11002 -3.58186
6.14192 -3.57468
6.17364 -3.5674
6.2052 -3.56003
6.23659 -3.55255
6.26781 -3.54498
6.29886 -3.53732
6.32975 -3.52956
6.36047 -3.52171
6.39102 -3.51377
6.42141 -3.50574
6.45163 -3.49762
6.48169 -3.48941
6.51159 -3.48111
6.54133 -3.47272
6.57091 -3.46425
6.60032 -3.4557
6.62958 -3.44706
6.65867 -3.43834
6.68761 -3.42954
6.71639 -3.42066
6.74502 -3.41169
6.77349 -3.40265
6.8018 -3.39353
6.82996 -3.38433
6.85796 -3.37506
6.88581 -3.36571
6.91351 -3.35629
6.94105 -3.34679
6.96845 -3.33722
6.99569 -3.32757
7.02278 -3.31786
7.04972 -3.30807
7.07651 -3.29822
7.10316 -3.28829
7.12965 -3.2783
7.156 -3.26823
7.1822 -3.25811
7.20826 -3.24791
7.23417 -3.23765
7.25993 -3.22732
7.28555 -3.21693
7.31102 -3.20648
7.33635 -3.19596
7.36154 -3.18538
7.38659 -3.17474
7.41149 -3.16404
7.43625 -3.15328
7.46087 -3.14245
7.48535 -3.13157
7.50969 -3.12063
7.53389 -3.10963
7.55795 -3.09858
7.58187 -3.08746
7.60566 -3.0763
7.6293 -3.06507
7.65281 -3.05379
7.67618 -3.04246
7.69942 -3.03107
7.72252 -3.01963
7.74548 -3.00813
7.76831 -2.99658
7.79101 -2.98498
7.81357 -2.97333
7.83599 -2.96163
7.85829 -2.94988
7.88045 -2.93808
7.90247 -2.92623
7.92437 -2.91433
7.94613 -2.90238
7.96777 -2.89038
7.98927 -2.87834
8.01064 -2.86625
8.03188 -2.85411
8.053 -2.84193
8.07398 -2.8297
8.09483 -2.81742
8.11556 -2.8051
8.13616 -2.79274
8.15662 -2.78033
8.17697 -2.76788
8.19718 -2.75539
8.21727 -2.74285
8.23723 -2.73027
8.25707 -2.71765
8.27678 -2.70499
8.29636 -2.69229
8.31582 -2.67954
8.33515 -2.66676
8.35436 -2.65394
8.37345 -2.64107
8.39241 -2.62817
8.41125 -2.61523
8.42997 -2.60225
8.44856 -2.58924
8.46703 -2.57618
8.48538 -2.56309
8.50361 -2.54996
8.52171 -2.5368
8.5397 -2.5236
8.55756 -2.51036
8.5753 -2.49709
8.59293 -2.48378
8.61043 -2.47044
8.62781 -2.45707
8.64507 -2.44366
8.66222 -2.43021
8.67924 -2.41674
8.69615 -2.40323
8.71294 -2.38968
8.72961 -2.37611
8.74616 -2.3625
8.76259 -2.34886
8.77891 -2.33519
8.79511 -2.32149
8.81119 -2.30776
8.82716 -2.294
8.84301 -2.2802
8.85874 -2.26638
8.87436 -2.25253
8.88986 -2.23865
8.90525 -2.22473
8.92052 -2.21079
8.93567 -2.19683
8.95072 -2.18283
8.96564 -2.1688
8.98046 -2.15475
8.99516 -2.14067
9.00974 -2.12657
9.02421 -2.11243
9.03857 -2.09827
9.05282 -2.08409
9.06695 -2.06987
9.08097 -2.05564
9.09488 -2.04137
9.10867 -2.02708
9.12235 -2.01277
9.13592 -1.99843
9.14938 -1.98407
9.16273 -1.96968
9.17597 -1.95527
9.18909 -1.94084
9.20211 -1.92638
9.21501 -1.9119
9.2278 -1.8974
9.24049 -1.88287
9.25306 -1.86832
9.26552 -1.85375
9.27788 -1.83915
9.29012 -1.82454
9.30225 -1.8099
9.31428 -1.79525
9.32619 -1.78057
9.338 -1.76587
9.34969 -1.75115
9.36128 -1.73641
9.37276 -1.72165
9.38414 -1.70686
9.3954 -1.69206
9.40656 -1.67724
9.4176 -1.66241
9.42854 -1.64755
9.43938 -1.63267
9.4501 -1.61778
9.46072 -1.60286
9.47123 -1.58793
9.48164 -1.57298
9.49193 -1.55801
9.50212 -1.54303
9.51221 -1.52803
9.52219 -1.51301
9.53206 -1.49797
9.54182 -1.48292
9.55148 -1.46785
9.56104 -1.45276
9.57048 -1.43766
9.57983 -1.42254
9.58906 -1.40741
9.5982 -1.39226
9.60722 -1.3771
9.61614 -1.36192
9.62496 -1.34672
9.63367 -1.33152
9.64228 -1.31629
9.65078 -1.30106
9.65918 -1.2858
9.66747 -1.27054
9.67566 -1.25526
9.68375 -1.23997
9.69173 -1.22466
9.6996 -1.20934
9.70738 -1.19401
9.71505 -1.17867
9.72261 -1.16331
9.73007 -1.14794
9.73743 -1.13256
9.74469 -1.11716
9.75184 -1.10176
9.75889 -1.08634
9.76583 -1.07091
9.77267 -1.05547
9.77941 -1.04002
9.78605 -1.02456
9.79259 -1.00909
9.79902 -0.993602
9.80535 -0.978108
9.81157 -0.962604
9.8177 -0.947089
9.82372 -0.931565
9.82964 -0.916032
9.83546 -0.900488
9.84117 -0.884936
9.84678 -0.869374
9.8523 -0.853803
9.85771 -0.838224
9.86301 -0.822635
9.86822 -0.807038
9.87332 -0.791433
9.87833 -0.77582
9.88323 -0.760199
9.88803 -0.74457
9.89272 -0.728933
9.89732 -0.713289
9.90182 -0.697638
9.90621 -0.681979
9.9105 -0.666314
9.9147 -0.650642
9.91879 -0.634963
9.92278 -0.619277
9.92667 -0.603586
9.93045 -0.587888
9.93414 -0.572184
9.93773 -0.556474
9.94121 -0.540759
9.9446 -0.525038
9.94788 -0.509312
9.95107 -0.493581
9.95415 -0.477845
9.95713 -0.462104
9.96001 -0.446358
9.96279 -0.430608
9.96548 -0.414853
9.96806 -0.399095
9.97054 -0.383332
9.97292 -0.367565
9.97519 -0.351795
9.97737 -0.336021
9.97945 -0.320244
9.98143 -0.304463
9.98331 -0.28868
9.98509 -0.272894
9.98676 -0.257104
9.98834 -0.241313
9.98982 -0.225519
9.9912 -0.209722
9.99247 -0.193924
9.99365 -0.178123
9.99473 -0.162321
9.99571 -0.146517
9.99658 -0.130712
9.99736 -0.114905
9.99804 -0.0990977
9.99861 -0.0832889
9.99909 -0.0674793
9.99947 -0.0516691
9.99974 -0.0358583
9.99992 -0.0200472
10 -0.00423582
9.99997 0.0115756
9.99985 0.0273868
9.99963 0.0431978
9.9993 0.0590084
9.99888 0.0748183
9.99836 0.0906276
9.99773 0.106436
9.99701 0.122243
9.99619 0.138049
9.99526 0.153854
9.99424 0.169657
9.99312 0.185458
9.99189 0.201258
9.99057 0.217055
9.98915 0.232851
9.98762 0.248644
9.986 0.264434
9.98427 0.280222
9.98245 0.296007
9.98052 0.311789
9.9785 0.327568
9.97637 0.343344
9.97415 0.359116
9.97182 0.374885
9.9694 0.39065
9.96687 0.40641
9.96424 0.422167
9.96152 0.43792
9.95869 0.453668
9.95576 0.469411
9.95273 0.48515
9.9496 0.500884
9.94637 0.516613
9.94304 0.532337
9.93961 0.548055
9.93608 0.563767
9.93244 0.579474
9.92871 0.595175
9.92487 0.61087
9.92094 0.626559
9.9169 0.642242
9.91276 0.657918
9.90852 0.673587
9.90418 0.689249
9.89974 0.704904
9.8952 0.720552
9.89056 0.736193
9.88581 0.751826
9.88096 0.767451
9.87601 0.783069
9.87097 0.798678
9.86581 0.81428
9.86056 0.829872
9.85521 0.845457
9.84975 0.861032
9.84419 0.876599
9.83853 0.892156
9.83277 0.907705
9.8269 0.923244
9.82093 0.938773
9.81487 0.954292
9.80869 0.969802
9.80242 0.985301
9.79604 1.00079
9.78956 1.01627
9.78298 1.03174
9.7763 1.04719
9.76951 1.06264
9.76262 1.07808
9.75563 1.0935
9.74853 1.10891
9.74133 1.12431
9.73403 1.1397
9.72662 1.15508
9.71911 1.17044
9.7115 1.18579
9.70378 1.20113
9.69596 1.21646
9.68803 1.23177
9.68 1.24707
9.67187 1.26235
9.66363 1.27763
9.65529 1.29289
9.64685 1.30813
9.63829 1.32336
9.62964 1.33858
9.62088 1.35378
9.61201 1.36897
9.60304 1.38414
9.59397 1.3993
9.58479 1.41444
9.5755 1.42956
9.56611 1.44467
9.55661 1.45977
9.54701 1.47485
9.5373 1.48991
9.52749 1.50495
9.51757 1.51998
9.50754 1.53499
9.4974 1.54999
9.48716 1.56496
9.47682 1.57992
9.46636 1.59486
9.4558 1.60979
9.44513 1.62469
9.43436 1.63958
9.42348 1.65445
9.41249 1.6693
9.40139 1.68413
9.39018 1.69894
9.37887 1.71373
9.36745 1.7285
9.35591 1.74325
9.34428 1.75798
9.33253 1.77269
9.32067 1.78738
9.30871 1.80205
9.29663 1.8167
9.28445 1.83133
9.27215 1.84593
9.25975 1.86051
9.24723 1.87508
9.23461 1.88961
9.22188 1.90413
9.20903 1.91862
9.19608 1.93309
9.18301 1.94754
9.16983 1.96197
9.15655 1.97636
9.14315 1.99074
9.12964 2.00509
9.11601 2.01942
9.10228 2.03372
9.08843 2.048
9.07447 2.06225
9.0604 2.07648
9.04621 2.09068
9.03192 2.10485
9.01751 2.119
9.00298 2.13312
8.98834 2.14721
8.97359 2.16128
8.95872 2.17532
8.94374 2.18933
8.92865 2.20331
8.91344 2.21727
8.89811 2.2312
8.88267 2.24509
8.86712 2.25896
8.85145 2.2728
8.83566 2.28661
8.81976 2.30039
8.80374 2.31414
8.7876 2.32786
8.77134 2.34154
8.75497 2.3552
8.73848 2.36882
8.72188 2.38242
8.70515 2.39598
8.68831 2.4095
8.67135 2.423
8.65427 2.43646
8.63707 2.44989
8.61975 2.46328
8.60232 2.47664
8.58476 2.48997
8.56708 2.50326
8.54928 2.51651
8.53136 2.52973
8.51332 2.54292
8.49516 2.55606
8.47688 2.56917
8.45847 2.58225
8.43994 2.59528
8.42129 2.60828
8.40252 2.62124
8.38362 2.63417
8.3646 2.64705
8.34546 2.65989
8.32619 2.6727
8.3068 2.68546
8.28728 2.69819
8.26764 2.71087
8.24787 2.72352
8.22798 2.73612
8.20795 2.74868
8.18781 2.76119
8.16753 2.77367
8.14713 2.7861
8.1266 2.79848
8.10595 2.81083
8.08516 2.82313
8.06425 2.83538
8.04321 2.84759
8.02203 2.85975
8.00073 2.87187
7.9793 2.88393
7.95774 2.89596
7.93604 2.90793
7.91422 2.91986
7.89226 2.93173
7.87017 2.94356
7.84795 2.95534
7.82559 2.96707
7.8031 2.97875
7.78048 2.99038
7.75772 3.00195
7.73483 3.01347
7.71181 3.02494
7.68864 3.03636
7.66534 3.04772
7.64191 3.05903
7.61834 3.07029
7.59463 3.08149
7.57078 3.09263
7.54679 3.10372
7.52267 3.11475
7.4984 3.12572
7.474 3.13663
7.44945 3.14748
7.42477 3.15828
7.39994 3.16901
7.37497 3.17969
7.34986 3.1903
7.32461 3.20085
7.29921 3.21134
7.27367 3.22176
7.24798 3.23212
7.22215 3.24242
7.19617 3.25265
7.17005 3.26282
7.14378 3.27291
7.11737 3.28294
7.0908 3.29291
7.06409 3.3028
7.03723 3.31262
7.01022 3.32238
6.98305 3.33206
6.95574 3.34167
6.92828 3.35121
6.90066 3.36067
6.8729 3.37006
6.84497 3.37937
6.8169 3.38861
6.78867 3.39777
6.76028 3.40686
6.73174 3.41586
6.70305 3.42479
6.67419 3.43363
6.64518 3.4424
6.61601 3.45108
6.58668 3.45968
6.55719 3.4682
6.52754 3.47663
6.49773 3.48497
6.46775 3.49323
6.43762 3.5014
6.40732 3.50948
6.37685 3.51747
6.34622 3.52537
6.31542 3.53318
6.28446 3.54089
6.25333 3.54851
6.22203 3.55603
6.19057 3.56346
6.15893 3.57079
6.12712 3.57802
6.09514 3.58515
6.06299 3.59218
6.03067 3.59911
5.99817 3.60593
5.96549 3.61265
5.93264 3.61926
5.89962 3.62576
5.86641 3.63216
5.83303 3.63844
5.79947 3.64461
5.76573 3.65067
5.7318 3.65661
5.69769 3.66244
5.6634 3.66815
5.62893 3.67374
5.59427 3.67921
5.55942 3.68455
5.52439 3.68978
5.48917 3.69487
5.45376 3.69984
5.41816 3.70468
5.38236 3.70939
5.34638 3.71396
5.3102 3.7184
5.27382 3.72271
5.23725 3.72687
5.20048 3.7309
5.16352 3.73478
5.12635 3.73852
5.08898 3.74211
5.05141 3.74556
5.01364 3.74885
4.97567 3.75199
4.93749 3.75498
4.8991 3.75781
4.8605 3.76047
4.82169 3.76298
4.78268 3.76532
4.74345 3.7675
4.70401 3.7695
4.66435 3.77134
4.62448 3.773
4.58438 3.77448
4.54408 3.77578
4.50355 3.7769
4.46279 3.77783
4.42182 3.77857
4.38062 3.77912
4.33919 3.77948
4.29754 3.77964
4.25566 3.77959
4.21354 3.77934
4.1712 3.77888
4.12862 3.77822
4.0858 3.77733
4.04275 3.77623
3.99946 3.7749
3.95592 3.77334
3.91215 3.77156
3.86813 3.76954
3.82387 3.76728
3.77936 3.76478
3.7346 3.76202
3.68959 3.75902
3.64432 3.75576
3.59881 3.75224
3.55303 3.74845
3.507 3.74438
3.46071 3.74004
3.41416 3.73542
3.36734 3.73051
3.32026 3.72531
3.27291 3.7198
3.2253 3.71399
3.17741 3.70787
3.12925 3.70143
3.08081 3.69467
3.0321 3.68757
2.98311 3.68013
2.93384 3.67235
2.88428 3.66421
2.83444 3.65571
2.78432 3.64685
2.7339 3.6376
2.6832 3.62797
2.6322 3.61795
2.58091 3.60752
2.52933 3.59667
2.47744 3.58541
2.42526 3.57371
2.37278 3.56157
2.31999 3.54897
2.2669 3.53591
2.21351 3.52237
2.1598 3.50834
2.10579 3.49381
2.05147 3.47876
1.99683 3.46319
1.94189 3.44707
1.88663 3.4304
1.83105 3.41315
1.77516 3.39532
1.71896 3.37688
1.66243 3.35783
1.6056 3.33813
1.54844 3.31778
1.49098 3.29675
1.43319 3.27503
1.37509 3.25259
1.31669 3.22941
1.25797 3.20547
1.19894 3.18074
1.1396 3.15521
1.07997 3.12884
1.02004 3.1016
0.959812 3.07348
0.899299 3.04443
0.838505 3.01443
0.777437 2.98345
0.716105 2.95145
0.654516 2.91839
0.592683 2.88425
0.530618 2.84897
0.468336 2.81252
0.405851 2.77486
0.343182 2.73595
0.280351 2.69572
0.217378 2.65415
0.154291 2.61116
0.0911173 2.56672
0.0278905 2.52076
-0.0353533 2.47323
-0.0985733 2.42407
-0.161724 2.3732
-0.224754 2.32058
-0.287606 2.26612
-0.350216 2.20976
-0.412512 2.15142
-0.474416 2.09105
-0.535837 2.02854
-0.596678 1.96385
-0.656827 1.89688
-0.716163 1.82757
-0.774551 1.75584
-0.831842 1.68162
-0.887872 1.60486
-0.942461 1.52551
-0.995415 1.4435
-1.04652 1.35882
-1.09555 1.27145
-1.14226 1.18139
-1.1864 1.08867
-1.22769 0.993345
-1.26587 0.895502
-1.30065 0.795259
-1.33176 0.692775
-1.35894 0.588247
-1.38193 0.48191
-1.40052 0.374039
-1.41452 0.264942
-1.42377 0.154958
-1.42818 0.0444482
-1.42769 -0.0662139
-1.42233 -0.17665
-1.41213 -0.286487
-1.39722 -0.395368
-1.37775 -0.502961
-1.35392 -0.608963
-1.32595 -0.713106
-1.29409 -0.815163
-1.25862 -0.914945
-1.21981 -1.0123
-1.17793 -1.10712
-1.13327 -1.19932
-1.08608 -1.28885
-1.03662 -1.37569
-0.985136 -1.45985
-0.931845 -1.54133
-0.876957 -1.62017
-0.820665 -1.69642
-0.763146 -1.77014
-0.70456 -1.84139
-0.645054 -1.91024
-0.58476 -1.97675
-0.523797 -2.04101
-0.462273 -2.10309
-0.400285 -2.16306
-0.337921 -2.221
-0.275258 -2.27698
-0.212366 -2.33107
-0.149308 -2.38335
-0.0861404 -2.43387
-0.0229123 -2.48271
0.0403312 -2.52993
0.10355 -2.57558
0.166709 -2.61973
0.229776 -2.66244
0.292723 -2.70374
0.355524 -2.74371
0.418158 -2.78237
0.480604 -2.81979
0.542845 -2.856
0.604866 -2.89105
0.666651 -2.92498
0.72819 -2.95783
0.789472 -2.98962
0.850486 -3.02041
0.911225 -3.05022
0.971682 -3.07908
1.03185 -3.10703
1.09172 -3.13409
1.1513 -3.1603
1.21057 -3.18567
1.26954 -3.21024
1.3282 -3.23403
1.38655 -3.25706
1.44458 -3.27936
1.5023 -3.30095
1.55971 -3.32184
1.6168 -3.34206
1.67358 -3.36163
1.73004 -3.38056
1.78618 -3.39888
1.84201 -3.41659
1.89752 -3.43372
1.95272 -3.45029
2.0076 -3.46629
2.06218 -3.48176
2.11644 -3.49671
2.17039 -3.51114
2.22403 -3.52507
2.27737 -3.53852
2.3304 -3.55149
2.38313 -3.56399
2.43555 -3.57605
2.48767 -3.58766
2.5395 -3.59884
2.59103 -3.6096
2.64226 -3.61995
2.6932 -3.6299
2.74384 -3.63945
2.7942 -3.64862
2.84427 -3.65742
2.89405 -3.66584
2.94355 -3.67391
2.99277 -3.68162
3.0417 -3.68899
3.09036 -3.69602
3.13874 -3.70273
3.18685 -3.7091
3.23469 -3.71516
3.28225 -3.72091
3.32954 -3.72636
3.37657 -3.7315
3.42334 -3.73636
3.46984 -3.74092
3.51608 -3.74521
3.56206 -3.74922
3.60778 -3.75295
3.65325 -3.75642
3.69846 -3.75963
3.74342 -3.76259
3.78813 -3.76529
3.83259 -3.76774
3.87681 -3.76996
3.92078 -3.77193
3.96451 -3.77367
4.00799 -3.77518
4.05123 -3.77646
4.09424 -3.77752
4.13701 -3.77837
4.17954 -3.77899
4.22184 -3.77941
4.26391 -3.77962
4.30575 -3.77962
4.34736 -3.77943
4.38874 -3.77903
4.4299 -3.77844
4.47083 -3.77766
4.51153 -3.77669
4.55202 -3.77554
4.59229 -3.7742
4.63234 -3.77269
4.67217 -3.77099
4.71178 -3.76913
4.75118 -3.76709
4.79037 -3.76488
4.82934 -3.7625
4.86811 -3.75997
4.90666 -3.75726
4.94501 -3.75441
4.98315 -3.75139
5.02109 -3.74822
5.05882 -3.7449
5.09635 -3.74142
5.13368 -3.7378
5.1708 -3.73403
5.20773 -3.73012
5.24446 -3.72607
5.28099 -3.72188
5.31733 -3.71754
5.35347 -3.71308
5.38942 -3.70847
5.42517 -3.70374
5.46074 -3.69888
5.49611 -3.69388
5.5313 -3.68876
5.56629 -3.68352
5.6011 -3.67814
5.63573 -3.67265
5.67016 -3.66704
5.70442 -3.66131
5.73849 -3.65546
5.77238 -3.64949
5.80608 -3.64341
5.83961 -3.63722
5.87296 -3.63091
5.90613 -3.6245
5.93912 -3.61797
5.97193 -3.61134
6.00457 -3.6046
6.03704 -3.59776
6.06933 -3.59081
6.10145 -3.58376
6.13339 -3.57661
6.16517 -3.56936
6.19677 -3.56201
6.2282 -3.55456
6.25947 -3.54702
6.29056 -3.53938
6.32149 -3.53165
6.35226 -3.52383
6.38285 -3.51591
6.41329 -3.5079
6.44356 -3.4998
6.47366 -3.49161
6.5036 -3.48334
6.53338 -3.47498
6.563 -3.46653
6.59246 -3.458
6.62176 -3.44938
6.6509 -3.44069
6.67988 -3.4319
6.7087 -3.42304
6.73737 -3.4141
6.76588 -3.40508
6.79423 -3.39598
6.82243 -3.3868
6.85048 -3.37755
6.87837 -3.36822
6.90611 -3.35882
6.93369 -3.34934
6.96113 -3.33979
6.98841 -3.33016
7.01554 -3.32047
7.04252 -3.3107
7.06935 -3.30086
7.09604 -3.29096
7.12257 -3.28098
7.14896 -3.27094
7.1752 -3.26083
7.20129 -3.25065
7.22724 -3.24041
7.25304 -3.2301
7.2787 -3.21972
7.30422 -3.20929
7.32958 -3.19879
7.35481 -3.18822
7.37989 -3.1776
7.40483 -3.16691
7.42963 -3.15617
7.45429 -3.14536
7.47881 -3.13449
7.50319 -3.12357
7.52742 -3.11259
7.55152 -3.10154
7.57548 -3.09045
7.5993 -3.07929
7.62298 -3.06808
7.64653 -3.05682
7.66994 -3.0455
7.69321 -3.03412
7.71634 -3.0227
7.73935 -3.01122
7.76221 -2.99968
7.78494 -2.9881
7.80754 -2.97646
7.83 -2.96477
7.85233 -2.95303
7.87453 -2.94125
7.89659 -2.92941
7.91852 -2.91752
7.94032 -2.90558
7.96199 -2.8936
7.98353 -2.88157
8.00493 -2.86949
8.02621 -2.85737
8.04736 -2.84519
8.06837 -2.83298
8.08926 -2.82071
8.11002 -2.80841
8.13065 -2.79606
8.15116 -2.78366
8.17153 -2.77122
8.19178 -2.75874
8.2119 -2.74621
8.2319 -2.73365
8.25177 -2.72104
8.27151 -2.70839
8.29113 -2.69569
8.31062 -2.68296
8.32999 -2.67019
8.34923 -2.65738
8.36835 -2.64452
8.38735 -2.63163
8.40622 -2.6187
8.42497 -2.60573
8.4436 -2.59273
8.4621 -2.57968
8.48048 -2.5666
8.49874 -2.55348
8.51688 -2.54033
8.53489 -2.52714
8.55279 -2.51391
8.57057 -2.50065
8.58822 -2.48735
8.60575 -2.47402
8.62317 -2.46065
8.64046 -2.44725
8.65764 -2.43382
8.6747 -2.42035
8.69163 -2.40685
8.70845 -2.39332
8.72515 -2.37975
8.74174 -2.36615
8.7582 -2.35252
8.77455 -2.33886
8.79078 -2.32517
8.80689 -2.31144
8.82289 -2.29769
8.83877 -2.2839
8.85454 -2.27009
8.87019 -2.25624
8.88572 -2.24237
8.90114 -2.22846
8.91644 -2.21453
8.93163 -2.20057
8.9467 -2.18658
8.96166 -2.17256
8.9765 -2.15852
8.99123 -2.14445
9.00585 -2.13035
9.02035 -2.11622
9.03474 -2.10207
9.04901 -2.08789
9.06318 -2.07368
9.07723 -2.05945
9.09116 -2.0452
9.10499 -2.03091
9.1187 -2.01661
9.1323 -2.00228
9.14579 -1.98792
9.15917 -1.97354
9.17243 -1.95914
9.18559 -1.94471
9.19863 -1.93026
9.21157 -1.91578
9.22439 -1.90128
9.2371 -1.88676
9.2497 -1.87222
9.2622 -1.85765
9.27458 -1.84307
9.28685 -1.82846
9.29901 -1.81383
9.31107 -1.79917
9.32301 -1.7845
9.33485 -1.76981
9.34657 -1.75509
9.35819 -1.74036
9.3697 -1.7256
9.3811 -1.71083
9.39239 -1.69603
9.40358 -1.68122
9.41466 -1.66638
9.42563 -1.65153
9.43649 -1.63666
9.44724 -1.62177
9.45789 -1.60686
9.46843 -1.59193
9.47886 -1.57699
9.48919 -1.56202
9.49941 -1.54704
9.50952 -1.53205
9.51952 -1.51703
9.52943 -1.502
9.53922 -1.48695
9.54891 -1.47189
9.55849 -1.45681
9.56797 -1.44171
9.57734 -1.42659
9.5866 -1.41147
9.59576 -1.39632
9.60482 -1.38116
9.61377 -1.36599
9.62261 -1.3508
9.63135 -1.33559
9.63998 -1.32037
9.64851 -1.30514
9.65694 -1.28989
9.66526 -1.27463
9.67348 -1.25935
9.68159 -1.24407
9.6896 -1.22876
9.6975 -1.21345
9.7053 -1.19812
9.713 -1.18278
9.72059 -1.16742
9.72808 -1.15206
9.73547 -1.13668
9.74275 -1.12129
9.74993 -1.10589
9.75701 -1.09047
9.76398 -1.07505
9.77085 -1.05961
9.77762 -1.04416
9.78428 -1.0287
9.79085 -1.01323
9.79731 -0.997751
9.80366 -0.982259
9.80992 -0.966758
9.81607 -0.951247
9.82212 -0.935725
9.82806 -0.920194
9.83391 -0.904653
9.83965 -0.889103
9.84529 -0.873544
9.85083 -0.857975
9.85627 -0.842398
9.8616 -0.826812
9.86683 -0.811218
9.87197 -0.795615
9.877 -0.780004
9.88192 -0.764385
9.88675 -0.748758
9.89148 -0.733123
9.8961 -0.717481
9.90062 -0.701832
9.90504 -0.686175
9.90937 -0.670511
9.91358 -0.654841
9.9177 -0.639164
9.92172 -0.62348
9.92564 -0.60779
9.92945 -0.592094
9.93316 -0.576391
9.93678 -0.560683
9.94029 -0.54497
9.9437 -0.52925
9.94701 -0.513526
9.95022 -0.497796
9.95333 -0.482061
9.95634 -0.466321
9.95925 -0.450577
9.96206 -0.434828
9.96477 -0.419074
9.96737 -0.403317
9.96988 -0.387555
9.97229 -0.371789
9.97459 -0.35602
9.9768 -0.340247
9.97891 -0.324471
9.98091 -0.308691
9.98282 -0.292909
9.98462 -0.277123
9.98632 -0.261335
9.98793 -0.245544
9.98943 -0.22975
9.99084 -0.213954
9.99214 -0.198156
9.99335 -0.182356
9.99445 -0.166555
9.99545 -0.150751
9.99636 -0.134946
9.99716 -0.11914
9.99786 -0.103333
9.99847 -0.0875241
9.99897 -0.0717147
9.99937 -0.0559046
9.99968 -0.040094
9.99988 -0.0242829
9.99999 -0.00847163
9.99999 0.00733975
9.99989 0.0231511
9.9997 0.0389621
9.9994 0.0547728
9.999 0.070583
9.99851 0.0863924
9.99791 0.102201
9.99721 0.118009
9.99642 0.133815
9.99552 0.14962
9.99452 0.165423
9.99343 0.181225
9.99223 0.197025
9.99093 0.212823
9.98954 0.228619
9.98804 0.244413
9.98644 0.260204
9.98474 0.275993
9.98295 0.291779
9.98105 0.307562
9.97905 0.323341
9.97695 0.339118
9.97475 0.354891
9.97246 0.370661
9.97006 0.386427
9.96756 0.402189
9.96496 0.417946
9.96226 0.4337
9.95945 0.449449
9.95655 0.465194
9.95355 0.480934
9.95045 0.49667
9.94725 0.5124
9.94394 0.528125
9.94054 0.543845
9.93703 0.559559
9.93342 0.575267
9.92972 0.59097
9.92591 0.606666
9.922 0.622357
9.91799 0.638041
9.91388 0.653719
9.90967 0.66939
9.90536 0.685054
9.90094 0.700711
9.89643 0.716361
9.89181 0.732004
9.88709 0.747639
9.88227 0.763266
9.87735 0.778886
9.87233 0.794498
9.8672 0.810101
9.86198 0.825696
9.85665 0.841283
9.85122 0.856861
9.84569 0.87243
9.84006 0.88799
9.83432 0.90354
9.82848 0.919082
9.82254 0.934614
9.8165 0.950136
9.81036 0.965648
9.80411 0.98115
9.79776 0.996642
9.79131 1.01212
9.78475 1.02759
9.7781 1.04305
9.77134 1.0585
9.76447 1.07394
9.75751 1.08937
9.75044 1.10478
9.74327 1.12019
9.73599 1.13558
9.72861 1.15096
9.72113 1.16632
9.71355 1.18168
9.70586 1.19702
9.69806 1.21235
9.69017 1.22767
9.68216 1.24297
9.67406 1.25826
9.66585 1.27354
9.65754 1.2888
9.64912 1.30405
9.64059 1.31928
9.63197 1.3345
9.62323 1.34971
9.6144 1.3649
9.60546 1.38008
9.59641 1.39524
9.58726 1.41038
9.578 1.42551
9.56864 1.44063
9.55917 1.45573
9.54959 1.47081
9.53991 1.48587
9.53013 1.50092
9.52023 1.51596
9.51023 1.53097
9.50013 1.54597
9.48992 1.56095
9.4796 1.57592
9.46917 1.59086
9.45864 1.60579
9.448 1.6207
9.43726 1.63559
9.4264 1.65047
9.41544 1.66532
9.40437 1.68016
9.39319 1.69497
9.38191 1.70977
9.37051 1.72454
9.35901 1.7393
9.3474 1.75404
9.33568 1.76875
9.32386 1.78345
9.31192 1.79812
9.29987 1.81278
9.28772 1.82741
9.27545 1.84202
9.26308 1.85661
9.2506 1.87118
9.238 1.88572
9.2253 1.90024
9.21248 1.91474
9.19956 1.92922
9.18652 1.94367
9.17337 1.9581
9.16012 1.97251
9.14675 1.98689
9.13326 2.00125
9.11967 2.01558
9.10597 2.02989
9.09215 2.04418
9.07822 2.05843
9.06418 2.07267
9.05002 2.08687
9.03576 2.10105
9.02138 2.11521
9.00688 2.12934
8.99227 2.14344
8.97755 2.15751
8.96272 2.17156
8.94777 2.18558
8.9327 2.19957
8.91752 2.21353
8.90223 2.22747
8.88682 2.24137
8.87129 2.25525
8.85565 2.2691
8.8399 2.28291
8.82403 2.2967
8.80804 2.31046
8.79193 2.32418
8.77571 2.33788
8.75937 2.35154
8.74291 2.36518
8.72634 2.37878
8.70964 2.39235
8.69283 2.40588
8.6759 2.41939
8.65886 2.43286
8.64169 2.44629
8.6244 2.4597
8.607 2.47307
8.58947 2.4864
8.57183 2.4997
8.55406 2.51296
8.53617 2.52619
8.51816 2.53939
8.50003 2.55254
8.48178 2.56567
8.46341 2.57875
8.44492 2.5918
8.4263 2.6048
8.40756 2.61778
8.38869 2.63071
8.36971 2.6436
8.3506 2.65646
8.33136 2.66927
8.312 2.68205
8.29252 2.69478
8.27291 2.70748
8.25318 2.72013
8.23331 2.73274
8.21333 2.74532
8.19322 2.75784
8.17298 2.77033
8.15261 2.78277
8.13211 2.79517
8.11149 2.80752
8.09074 2.81984
8.06986 2.8321
8.04885 2.84432
8.02772 2.8565
8.00645 2.86862
7.98505 2.88071
7.96352 2.89274
7.94187 2.90473
7.92007 2.91667
7.89815 2.92856
7.8761 2.9404
7.85391 2.95219
7.83159 2.96393
7.80914 2.97562
7.78655 2.98727
7.76383 2.99885
7.74098 3.01039
7.71798 3.02188
7.69486 3.03331
7.6716 3.04469
7.6482 3.05601
7.62466 3.06728
7.60099 3.07849
7.57718 3.08965
7.55323 3.10075
7.52914 3.1118
7.50491 3.12278
7.48055 3.13371
7.45604 3.14458
7.43139 3.15539
7.4066 3.16614
7.38167 3.17683
7.3566 3.18746
7.33138 3.19803
7.30602 3.20854
7.28052 3.21898
7.25487 3.22936
7.22908 3.23967
7.20314 3.24992
7.17706 3.2601
7.15083 3.27021
7.12445 3.28026
7.09793 3.29024
7.07126 3.30016
7.04443 3.31
7.01746 3.31977
6.99034 3.32947
6.96307 3.3391
6.93565 3.34866
6.90807 3.35814
6.88035 3.36755
6.85247 3.37689
6.82443 3.38614
6.79624 3.39533
6.7679 3.40443
6.7394 3.41346
6.71075 3.4224
6.68193 3.43127
6.65296 3.44006
6.62384 3.44876
6.59455 3.45738
6.5651 3.46592
6.53549 3.47438
6.50573 3.48274
6.47579 3.49102
6.4457 3.49922
6.41544 3.50732
6.38502 3.51534
6.35444 3.52326
6.32369 3.53109
6.29277 3.53883
6.26168 3.54648
6.23043 3.55403
6.19901 3.56148
6.16742 3.56884
6.13566 3.57609
6.10372 3.58325
6.07162 3.59031
6.03934 3.59726
6.00689 3.60411
5.97426 3.61086
5.94146 3.6175
5.90848 3.62403
5.87532 3.63045
5.84199 3.63677
5.80847 3.64297
5.77478 3.64906
5.7409 3.65503
5.70685 3.66089
5.6726 3.66663
5.63818 3.67225
5.60357 3.67775
5.56877 3.68313
5.53379 3.68839
5.49862 3.69352
5.46326 3.69852
5.42771 3.70339
5.39197 3.70814
5.35603 3.71275
5.3199 3.71723
5.28358 3.72157
5.24706 3.72577
5.21035 3.72983
5.17343 3.73376
5.13632 3.73753
5.09901 3.74116
5.06149 3.74465
5.02378 3.74798
4.98586 3.75116
4.94773 3.75419
4.9094 3.75706
4.87086 3.75977
4.83211 3.76232
4.79315 3.76471
4.75397 3.76693
4.71459 3.76898
4.67499 3.77086
4.63517 3.77257
4.59514 3.7741
4.55489 3.77545
4.51442 3.77661
4.47373 3.7776
4.43281 3.77839
4.39167 3.77899
4.35031 3.7794
4.30871 3.77961
4.26689 3.77962
4.22484 3.77943
4.18256 3.77903
4.14004 3.77841
4.09729 3.77759
4.0543 3.77654
4.01107 3.77527
3.9676 3.77378
3.92389 3.77206
3.87994 3.7701
3.83574 3.76791
3.7913 3.76547
3.74661 3.76278
3.70166 3.75985
3.65647 3.75666
3.61102 3.7532
3.56532 3.74949
3.51935 3.7455
3.47313 3.74123
3.42665 3.73669
3.37991 3.73185
3.3329 3.72673
3.28562 3.72131
3.23807 3.71558
3.19026 3.70954
3.14217 3.70319
3.09381 3.69651
3.04517 3.6895
2.99625 3.68216
2.94706 3.67447
2.89758 3.66643
2.84781 3.65803
2.79777 3.64926
2.74743 3.64012
2.6968 3.63059
2.64589 3.62067
2.59468 3.61035
2.54317 3.59962
2.49137 3.58847
2.43926 3.57688
2.38686 3.56486
2.33416 3.55239
2.28115 3.53945
2.22783 3.52604
2.17421 3.51214
2.12028 3.49775
2.06604 3.48284
2.01149 3.46741
1.95663 3.45144
1.90145 3.43492
1.84596 3.41783
1.79016 3.40015
1.73404 3.38188
1.6776 3.36299
1.62085 3.34347
1.56378 3.3233
1.50639 3.30245
1.4487 3.28092
1.39068 3.25867
1.33236 3.23569
1.27372 3.21196
1.21477 3.18744
1.15552 3.16213
1.09597 3.13598
1.03611 3.10898
0.975967 3.08109
0.91553 3.0523
0.854811 3.02256
0.793815 2.99184
0.732553 2.96012
0.671032 2.92735
0.609263 2.8935
0.547259 2.85853
0.485033 2.8224
0.422601 2.78507
0.359979 2.74649
0.297189 2.70662
0.234252 2.66541
0.171193 2.62281
0.108039 2.57877
0.0448233 2.53322
-0.0184197 2.48612
-0.0816504 2.43739
-0.144824 2.38699
-0.207892 2.33484
-0.270797 2.28088
-0.333479 2.22504
-0.395867 2.16724
-0.457884 2.10742
-0.519444 2.04549
-0.58045 1.98139
-0.640796 1.91504
-0.700362 1.84636
-0.759018 1.77528
-0.816618 1.70174
-0.873003 1.62567
-0.927997 1.54701
-0.981408 1.46572
-1.03303 1.38176
-1.08264 1.29511
-1.13 1.20577
-1.17485 1.11375
-1.21693 1.01912
-1.25597 0.92194
-1.29169 0.822326
-1.32381 0.720425
-1.35206 0.616422
-1.3762 0.510544
-1.39599 0.403055
-1.41123 0.294254
-1.42176 0.184474
-1.42747 0.0740681
-1.4283 -0.0365903
-1.42424 -0.147124
-1.41533 -0.257157
-1.40167 -0.366328
-1.3834 -0.474297
-1.36071 -0.580752
-1.33383 -0.685417
-1.30299 -0.788053
-1.26846 -0.888461
-1.23051 -0.986479
-1.18943 -1.08199
-1.14549 -1.17489
-1.09895 -1.26514
-1.05007 -1.35271
-0.999108 -1.43758
-0.946279 -1.51977
-0.891799 -1.59932
-0.835865 -1.67626
-0.778658 -1.75065
-0.720343 -1.82255
-0.66107 -1.89204
-0.600974 -1.95917
-0.540179 -2.02402
-0.478796 -2.08668
-0.416923 -2.14721
-0.354652 -2.20568
-0.292062 -2.26218
-0.229225 -2.31677
-0.166206 -2.36952
-0.103062 -2.42051
-0.0398455 -2.4698
0.023398 -2.51744
0.0866271 -2.56351
0.149805 -2.60806
0.2129 -2.65114
0.275881 -2.69282
0.338724 -2.73313
0.401405 -2.77214
0.463903 -2.80989
0.526201 -2.84642
